A complete list of the samples used in this study can be found at:
http://metagenomics.anl.gov/?page=MetagenomeProject&project=127

Full list of samples MG-RAST ID:
4463000.3
4463001.3
4463002.3
4463003.3
4463004.3
4463005.3
4463006.3
4463007.3
4463008.3
4463009.3
4463010.3
4463011.3
4463012.3
4463013.3
4463014.3
4463015.3
4463016.3
4463017.3
4463018.3
4463019.3
4463020.3
4463021.3
4463022.3
4463023.3
4463024.3
4463025.3
4463026.3
4463027.3
4463028.3
4463029.3
4463030.3
4463031.3
4463032.3
4463033.3
4463034.3
4463035.3
4463036.3
4463037.3
4463038.3
4463039.3
4463040.3
4463041.3
4463042.3
4463043.3
4463044.3
4463045.3
4463046.3
4463047.3
4463048.3
4463049.3
4463050.3
4463051.3
4463052.3
4463053.3
4463054.3
4463055.3
4463056.3
4463057.3
4463058.3
4463059.3
4463060.3
4463061.3
4463062.3
4463063.3
4463064.3
4463065.3
4463066.3
4463067.3
4463068.3
4463069.3
4463070.3
4463071.3
4463072.3
4463073.3
4463074.3
4463075.3
4463076.3
4463077.3
4463078.3
4463079.3
4463080.3
4463081.3
4463082.3
4463083.3
4463084.3
4463085.3
4463086.3
4463087.3
4463088.3
4463089.3
4463090.3
4463091.3
4463092.3
4463093.3
4463094.3
4463095.3
4463096.3
4463097.3
4463098.3
4463099.3
